DO	FU	HB	CB	NB	DU	SG	HTEMP	MSR1	MSR2	MSR3	MSR4	MSR5	MSR6	MSR7	MSR8	MSR9	MSR10	MSR11	MSR12	MSR13	MSR14	MSR15	MSR16	MSR17	MSR18	MSR19	MSR20	MSR21	MSR22	MSR23	MSR24	MSR25	MSR26	MSR27	MSR28	MSR29	MSR30	MSR31	MSR32	MSR33	MSR34	MSR35	MSR36	MSR37	MSR38	MSR39	MSR40	MSR41	MSR42	MSR43	MSR44	MSR45	MSR46	MSR47	MSR48	MSR49	MSR50	MSR51	MSR52	MSR53	MSR54	MSR55	MSR56	MSR57	MSR58	MSR59	MSR60	MSR61	MSR62	MSR63	MSR64	MSR65	MSR66	MSR67	MSR68	MSR69	MSR70	MSR71	MSR72	MSR73	MSR74	MSR75	MSR76	MSR77	MSR78	MSR79	MSR80	MSR81	MSR82	MSR83	MSR84	MSR85	MSR86	MSR87	MSR88	MSR89	MSR90	MSR91	MSR92	MSR93	MSR94	MSR95	MSR96	MSR97	MSR98	MSR99	MSR100	MSR101	MSR102	MSR103	MSR104	MSR105	MSR106	MSR107	MSR108	MSR109	MSR110	MSR111	MSR112	MSR113	MSR114	MSR115	MSR116	MSR117	MSR118	MSR119	MSR120	test	lot	run	wf	x	y	mask	line	part	step	test_model	tester	board
1	R	2	N	0	1	19288660080043CE	-14	68.21	8	0.08	0.08	0.12	0.12	0.28	0.28	0.48	0.48	0.64	0.64	0.48	0.48	37.6	1.48	1.56	0.16	0.16	35.6	0.24	0.24	11.68	7.48	0.44	0.44	11.96	7.76	200.4	208.8	166.4	181.2	112	15.2	15.52	0.44	0.44	0.04	0.04	0.04	0.04	0.04	0.04	0.04	0.04	0.04	230.4	210.4	97.6	105.6	0.04	0.04	0.04	0.034	0.04	DCE	NRT	0	0	0	0	0	0	0	0	0	0	0	0	0	0	0	0	0	0	0	0	NRE	FPN	0	0	FPE	ZQ	0	0	0	0	0	0	0	0	0	IDT	0	0	0	0	0	0	0	ACE	IBIS	0	0	0	0	0	0	0	0	0	0	0	0	0	0	0	0	0	0	0	MLEX048S02	EUI001	19	33	74	F	E	K4F4E3S4HF-MG0000C-ESF7GN	T090256	T5503HS	a412	OJ56C071
2	R	2	N	0	1	19348660080043CE	-16	68.21	8	0.08	0.08	0.12	0.12	0.28	0.28	0.48	0.48	0.64	0.64	0.48	0.48	37.6	1.48	1.56	0.16	0.16	35.6	0.24	0.24	11.68	7.48	0.44	0.44	11.96	7.76	200.4	208.8	166.4	181.2	112	15.2	15.52	0.44	0.44	0.04	0.04	0.04	0.04	0.04	0.04	0.04	0.04	0.04	230.4	210.4	97.6	105.6	0.04	0.04	0.04	0.034	0.04	DCE	NRT	0	0	0	0	0	0	0	0	0	0	0	0	0	0	0	0	0	0	0	0	NRE	FPN	0	0	FPE	ZQ	0	0	0	0	0	0	0	0	0	IDT	0	0	0	0	0	0	0	ACE	IBIS	0	0	0	0	0	0	0	0	0	0	0	0	0	0	0	0	0	0	0	MLEX048S02	EUI001	19	33	77	F	E	K4F4E3S4HF-MG0000C-ESF7GN	T090256	T5503HS	a412	OJ56C071
1	R	2	N	0	2	18C8DEC018A07BCE	-18	63.83	8.2	0.08	0.08	0.12	0.12	0.28	0.28	0.48	0.48	0.68	0.68	0.48	0.48	38.4	1.52	1.6	0.16	0.16	37.2	0.2	0.2	12.08	7.8	0.44	0.44	12.4	8.08	198.4	207.2	170	184.8	118.8	15.84	16.16	0.44	0.44	0.04	0.04	0.04	0.04	0.04	0.04	0.04	0.04	0.04	260.4	235.2	99.6	108	0.04	0.04	0.04	0.034	0.04	DCE	NRT	0	0	0	0	0	0	0	0	0	0	0	0	0	0	0	0	0	0	0	0	NRE	FPN	0	0	FPE	ZQ	0	0	0	0	0	0	0	0	0	IDT	0	0	0	0	0	0	0	ACE	IBIS	0	0	0	0	0	0	0	0	0	0	0	0	0	0	0	0	0	0	0	MLEX048S02	EUP053	22	55	50	F	E	K4F4E3S4HF-MG0000C-ESF7GN	T090256	T5503HS	a412	OJ56C071
2	R	2	N	0	2	18D0DEC018A07BCE	-16	66.83	8.2	0.08	0.08	0.12	0.12	0.28	0.28	0.48	0.48	0.68	0.68	0.48	0.48	38.4	1.52	1.6	0.16	0.16	37.2	0.2	0.2	12.08	7.8	0.44	0.44	12.4	8.08	198.4	207.2	170	184.8	118.8	15.84	16.16	0.44	0.44	0.04	0.04	0.04	0.04	0.04	0.04	0.04	0.04	0.04	260.4	235.2	99.6	108	0.04	0.04	0.04	0.034	0.04	DCE	NRT	0	0	0	0	0	0	0	0	0	0	0	0	0	0	0	0	0	0	0	0	NRE	FPN	0	0	FPE	ZQ	0	0	0	0	0	0	0	0	0	IDT	0	0	0	0	0	0	0	ACE	IBIS	0	0	0	0	0	0	0	0	0	0	0	0	0	0	0	0	0	0	0	MLEX048S02	EUP053	22	55	52	F	E	K4F4E3S4HF-MG0000C-ESF7GN	T090256	T5503HS	a412	OJ56C071
1	R	2	N	0	3	19108920900193CE	-16	65.58	7.92	0.08	0.08	0.12	0.12	0.28	0.28	0.48	0.48	0.64	0.64	0.48	0.48	37.2	1.48	1.52	0.16	0.16	35.2	0.24	0.24	11.56	7.44	0.48	0.48	11.88	7.76	193.2	201.6	163.6	178	110.4	15.04	15.36	0.44	0.44	0.04	0.04	0.04	0.04	0.04	0.04	0.04	0.04	0.04	251.2	224	96.4	104.4	0.04	0.04	0.04	0.034	0.04	DCE	NRT	0	0	0	0	0	0	0	0	0	0	0	0	0	0	0	0	0	0	0	0	NRE	FPN	0	0	FPE	ZQ	0	0	0	0	0	0	0	0	0	IDT	0	0	0	0	0	0	0	ACE	IBIS	0	0	0	0	0	0	0	0	0	0	0	0	0	0	0	0	0	0	0	MLEX048S02	EUS302	9	34	68	F	E	K4F4E3S4HF-MG0000C-ESF7GN	T090256	T5503HS	a412	OJ56C071
2	R	2	N	0	3	19088920900193CE	-18	66.46	7.92	0.08	0.08	0.12	0.12	0.28	0.28	0.48	0.48	0.64	0.64	0.48	0.48	37.2	1.48	1.52	0.16	0.16	35.2	0.24	0.24	11.56	7.44	0.48	0.48	11.88	7.76	193.2	201.6	163.6	178	110.4	15.04	15.36	0.44	0.44	0.04	0.04	0.04	0.04	0.04	0.04	0.04	0.04	0.04	251.2	224	96.4	104.4	0.04	0.04	0.04	0.034	0.04	DCE	NRT	0	0	0	0	0	0	0	0	0	0	0	0	0	0	0	0	0	0	0	0	NRE	FPN	0	0	FPE	ZQ	0	0	0	0	0	0	0	0	0	IDT	0	0	0	0	0	0	0	ACE	IBIS	0	0	0	0	0	0	0	0	0	0	0	0	0	0	0	0	0	0	0	MLEX048S02	EUS302	9	34	66	F	E	K4F4E3S4HF-MG0000C-ESF7GN	T090256	T5503HS	a412	OJ56C071
1	R	2	N	0	4	19787E60080043CE	-15	68.58	7.88	0.08	0.08	0.12	0.12	0.28	0.28	0.48	0.48	0.64	0.64	0.48	0.48	36.8	1.48	1.52	0.16	0.16	35.2	0.24	0.24	11.32	7.2	0.44	0.44	11.64	7.52	188.8	197.6	164.4	178.8	111.6	14.84	15.16	0.4	0.4	0.04	0.04	0.04	0.04	0.04	0.04	0.04	0.04	0.04	264.4	241.6	96.4	104	0.04	0.04	0.04	0.035	0.04	DCE	NRT	0	0	0	0	0	0	0	0	0	0	0	0	0	0	0	0	0	0	0	0	NRE	FPN	0	0	FPE	ZQ	0	0	0	0	0	0	0	0	0	IDT	0	0	0	0	0	0	0	ACE	IBIS	0	0	0	0	0	0	0	0	0	0	0	0	0	0	0	0	0	0	0	MLEX048S02	EUI001	19	31	94	F	E	K4F4E3S4HF-MG0000C-ESF7GN	T090256	T5503HS	a412	OJ56C071
2	R	2	N	0	4	19807E60080043CE	-15	69.46	7.88	0.08	0.08	0.12	0.12	0.28	0.28	0.48	0.48	0.64	0.64	0.48	0.48	36.8	1.48	1.52	0.16	0.16	35.2	0.24	0.24	11.32	7.2	0.44	0.44	11.64	7.52	188.8	197.6	164.4	178.8	111.6	14.84	15.16	0.4	0.4	0.04	0.04	0.04	0.04	0.04	0.04	0.04	0.04	0.04	264.4	241.6	96.4	104	0.04	0.04	0.04	0.035	0.04	DCE	NRT	0	0	0	0	0	0	0	0	0	0	0	0	0	0	0	0	0	0	0	0	NRE	FPN	0	0	FPE	ZQ	0	0	0	0	0	0	0	0	0	IDT	0	0	0	0	0	0	0	ACE	IBIS	0	0	0	0	0	0	0	0	0	0	0	0	0	0	0	0	0	0	0	MLEX048S02	EUI001	19	31	96	F	E	K4F4E3S4HF-MG0000C-ESF7GN	T090256	T5503HS	a412	OJ56C071
1	R	2	N	0	5	1920AEA018013BCE	-15	63.83	8.08	0.08	0.08	0.12	0.12	0.28	0.28	0.48	0.48	0.68	0.68	0.48	0.48	38	1.52	1.56	0.16	0.16	35.6	0.24	0.24	11.76	7.56	0.48	0.48	12.08	7.88	190	199.2	166.8	181.2	112	15.28	15.6	0.44	0.44	0.04	0.04	0.04	0.04	0.04	0.04	0.04	0.04	0.04	270.4	246.8	98.4	106.8	0.04	0.04	0.04	0.034	0.039	DCE	NRT	0	0	0	0	0	0	0	0	0	0	0	0	0	0	0	0	0	0	0	0	NRE	FPN	0	0	FPE	ZQ	0	0	0	0	0	0	0	0	0	IDT	0	0	0	0	0	0	0	ACE	IBIS	0	0	0	0	0	0	0	0	0	0	0	0	0	0	0	0	0	0	0	MLEX048S02	EUH203	21	43	72	F	E	K4F4E3S4HF-MG0000C-ESF7GN	T090256	T5503HS	a412	OJ56C071
